12384567     7              2
12384567     9              2
12384567     18             1
12475893     24             2
12475893     34             4
12475893     5              3
14827365     10             3
14827365     20             2
14827365     27             1
17483925     25             2
17483925     28             1
17483925     3              3
18745239     11             2
18745239     21             1
18745239     2              2
23478965     37             3
23478965     12             2
23478965     7              1
23487560     1              4
23487560     4              3
23487560     38             1
24837561     16             3
24837561     29             1
24837561     8              4
25478319     36             1
25478319     31             2
25478319     39             1
29648375     26             1
29648375     13             2
29648375     11             1
35748921     17             1
35748921     40             2
35748921     14             1
36278451     23             2
36278451     35             1
36278451     6              2
38574612     19             1
38574612     10             3
38574612     5              2
38754692     22             1
38754692     32             1
38754692     34             2
45678913     28             1
45678913     37             2
45678913     33             1
48529376     30             1
48529376     3              2
48529376     11             1
56782945     6              1
56782945     20             2
56782945     16             3
56789213     7              2
56789213     12             2
56789213     17             1
56438927     15             1
56438927     24             1
56438927     27             1
63728459     23             2
63728459     5              2
63728459     9              2
64829034     8              3
64829034     14             1
64829034     3              1
68472359     1              3
68472359     6              1
68472359     7              1
74382956     32             2
74382956     26             1
74382956     12             1
74638291     4              2
74638291     13             1
74638291     15             2
74683925     29             1
74683925     18             1
74683925     20             2
74928365     8              2
74928365     9              2
74928365     17             1
76234829     14             1
76234829     10             3
76234829     5              2
76429315     19             1
76429315     31             2
76429315     35             1
76483920     21             1
76483920     40             1
76483920     24             1
87236459     33             1
87236459     38             1
87236459     25             1
87263451     32             1
87263451     16             3
87263451     3              1
87534123     34             2
87534123     11             1
87534123     14             1
87654321     17             1
87654321     26             1
87654321     30             1
84729163     15             2
84729163     5              3
84729163     4              2
84736251     19             1
84736251     12             2
84736251     37             2
85726134     9              2
85726134     13             1
85726134     16             2
85734169     29             1
85734169     23             2
85734169     2              2
87236459     11             1
87236459     18             1
87236459     22             1
93847125     27             1
93847125     5              2
93847125     31             2
93847562     28             1
93847562     24             1
93847562     14             1
94837625     30             1
94837625     2              2
94837625     20             2
95748361     1              3
95748361     4              2
95748361     15             1
96735281     17             1
96735281     18             1
96735281     19             1
98371624     27             1
98371624     32             1
98371624     6              1
98376251     25             1
98376251     22             1
98376251     11             1
98573264     36             1
98573264     8              2
98573264     3              1
98765321     28             1
98765321     29             1
98765321     30             1
